587.001
218.467
 621.65
214.946
238.214
93.6169
82.5444
  301.2
647.151
756.805
765.843
535.703
 773.97
448.204
841.759
503.221
421.695
380.859
470.905
238.074
358.515
196.157
50.7486
325.384
117.209
1048.47
846.266
852.599
 1393.3
 1091.7
912.032
1412.59
2165.16
595.084
567.106
682.994
936.169
783.812
 695.88
466.526
534.799
4473.53
354.749
 248.43
 354.18
 572.71
415.121
 374.89
 179.14
103.595
310.412
179.887
250.759
200.671
45.9599
 50.309
120.523
262.247
212.541
424.325
707.012
601.005
357.976
748.702
374.419
819.551
1096.66
1126.02
 525.26
503.317
916.824
403.326
214.389
675.364
371.069
155.244
323.531
347.948
211.351
58.6665
153.348
144.275
165.546
227.958
171.721
189.606
 737.69
115.336
359.766
33.4975
29.3978
33.0253
    134
66.4948
23.3508
23.1182
27.8343
16.5155
 98.346
14254.7
 8122.5
5136.98
 8540.4
 9437.7
5355.94
7521.57
6366.58
6561.39
 9180.5
13485.5
8814.39
8430.87
5424.69
3996.26
9204.12
7396.68
6928.27
7118.17
4103.64
6798.15
8983.72
 8729.6
5659.52
4648.81
3269.38
4149.91
5000.88
3796.95
7060.96
7327.51
4873.53
8189.61
12406.1
1298.41
1604.18
928.691
2114.08
1607.53
2157.02
1555.27
1728.58
1237.09
1622.98
495.207
3652.51
3896.62
2420.88
1051.84
606.209
3685.76
8375.84
7054.89
7874.62
2812.93
3160.36
9028.05
7675.08
2811.53
2664.68
16290.1
8883.27
5657.29
10553.3
7690.09
3175.32
 2883.6
4670.45
7421.65
8135.13
11048.7
3559.73
 3168.9
3703.83
7590.68
1792.46
1869.09
2888.33
4655.06
9830.47
6266.83
2726.92
1462.08
2501.76
4042.67
10657.3
11688.9
11056.6
10182.9
14987.4
1585.32
6594.62
4461.41
4957.25
3616.81
2941.14
2336.65
2193.95
1964.16
2062.28
 8096.2
676.108
 9510.7
1926.44
4836.92
1716.73
2430.77
653.392
2944.07
10382.9
5539.01
4053.92
2784.69
4166.45
8763.97
3695.29
3349.66
1818.49
2742.95
5179.13
1960.29
2399.35
 1425.3
3489.02
8498.22
1412.32
2221.06
 6364.6
2706.33
6348.48
663.644
929.331
2817.11
1757.02
4292.76
8095.57
3362.58
2292.29
1487.16
7127.27
9101.41
4671.78
4444.28
6236.98
4260.41
1818.55
  925.1
1251.16
1227.67
 780.54
1663.03
321.726
922.647
449.005
367.845
1317.65
839.359
843.696
1873.19
701.358
716.054
1119.01
1401.96
853.949
312.438
 211.95
768.104
657.224
1014.84
1405.71
196.423
213.042
751.518
1360.51
542.369
750.775
1811.66
1639.71
683.874
 1407.7
448.102
687.179
 161.09
384.804
33.8781
187.526
46.5923
 24.342
62.8503
43.3329
99.6036
59.6825
210.333
96.2228
141.349
 189.58
526.451
223.914
  331.5
66.8375
755.202
1400.09
531.717
901.212
419.889
812.331
1008.62
455.732
583.871
1210.42
793.739
828.382
428.713
598.583
310.603
374.361
118.743
274.911
72.0626
270.356
33.4588
114.704
35.3164
445.082
274.359
760.093
394.619
733.318
511.867
480.265
832.283
441.269
684.458
 1165.7
661.653
472.337
355.831
229.298
90.5258
106.736
60.1682
95.5877
84.5868
276.747
137.924
309.463
124.626
401.003
241.629
188.415
363.022
55.9132
146.566
17.4599
 535.23
684.225
 454.84
626.276
591.823
283.296
405.143
350.567
225.855
330.659
 416.15
226.753
 212.53
183.976
378.733
305.335
484.803
463.995
404.816
504.533
370.719
443.993
466.268
504.359
263.981
135.525
933.516
287.292
 583.57
224.561
81.4218
82.8903
 81.382
118.607
162.078
249.139
238.692
238.639
278.613
127.035
259.356
123.438
412.832
348.567
139.592
133.968
77.4736
 45.659
48.8997
42.6632
46.4736
46.7588
358.185
380.909
693.145
366.934
69.4978
161.178
37.1329
33.2538
22.0298
17.5473
11.9974
16.7051
13.9489
26.4251
26.7538
25.3995
49.3699
 43.699
58.6407
41.7218
 121.59
133.444
70.2091
191.134
47.6593
 121.22
47.6744
105.074
77.1969
88.7786
49.2584
226.323
75.0546
175.081
163.871
322.003
192.433
244.232
  465.9
644.094
25.9816
390.604
115.143
33.0547
235.336
124.266
133.654
77.5307
114.907
53.4666
22.7973
12.5845
29.5495
15.6214
42.5906
 49.361
48.0617
69.2113
66.7045
46.6063
96.9299
47.9662
134.447
64.6284
 149.62
73.1569
154.348
 101.75
82.7318
 205.08
410.233
374.381
13.9947
201.047
60.1246
12.7415
533.295
147.142
596.679
382.019
429.689
505.921
203.187
97.5096
 131.18
 138.75
56.4122
86.3676
31.9474
61.0011
49.5396
48.2451
 93.507
57.1475
155.368
 110.35
176.519
 163.33
442.875
188.432
330.515
130.476
345.281
751.472
881.534
318.151
 46.456
24.6738
31.2889
35.5473
31.7373
38.0414
34.4694
127.383
126.093
455.782
908.519
844.334
39.0709
395.479
185.555
933.197
489.809
268.914
1051.21
1236.68
54.5797
146.423
286.301
476.344
16.6281
71.5247
280.141
663.266
343.929
99.9747
46.7608
49.2406
139.253
234.437
232.463
337.067
238.859
  494.4
290.759
541.376
15.3815
24.2768
141.397
195.216
120.344
 39.641
71.6628
141.164
 393.12
484.595
393.162
  330.8
340.921
844.773
1179.54
852.454
538.853
 860.26
160.984
180.793
 407.44
24.1843
33.4617
100.142
135.871
84.9378
52.7512
87.2189
104.016
84.8357
132.059
142.934
 165.03
299.318
1202.53
779.072
2419.59
406.414
 103.37
46.1939
96.4788
 126.78
117.712
119.469
125.356
107.486
75.5203
95.6684
115.801
 145.69
252.782
    752
2878.15
4442.17
401.519
198.805
313.994
290.677
222.067
136.269
88.0542
68.3053
33.3738
40.3619
73.0713
154.559
347.099
982.366
4072.42
37093.6
44579.1
470.767
   1720
 278.51
454.905
156.385
355.773
154.935
240.455
163.497
111.135
189.889
36.9308
157.652
28.0799
119.732
50.6802
135.474
55.8131
180.361
84.2342
353.455
131.759
 479.75
182.173
529.654
360.076
7338.65
23494.2
750.721
 528.46
376.781
433.301
 389.01
348.461
334.416
252.847
195.422
206.591
 363.16
677.674
7824.51
  53110
 1840.3
2048.68
1483.37
1315.96
396.599
337.191
291.307
633.189
1215.29
794.723
697.274
887.673
357.136
 2938.2
11223.4
7550.98
5655.66
9102.15
14093.5
5360.81
16963.2
6171.86
4847.62
7450.94
17109.6
7864.88
8595.54
5523.79
4038.88
 3321.4
8288.29
6491.89
6446.99
 6438.3
3981.47
5483.57
10844.2
10104.4
4503.81
3550.43
3359.15
4038.58
9163.39
 5811.7
3418.35
5962.31
6842.21
4899.29
7840.95
55535.8
 865.04
1420.62
3506.14
2568.33
1879.25
269.534
364.711
 174.35
316.332
7311.33
43529.2
17877.6
  19330
7820.47
11493.1
6440.72
18519.6
10574.1
8718.92
24514.5
 5369.5
16923.8
24216.1
  15492
15298.3
7119.95
8978.87
3874.56
23825.8
16120.4
8043.26
5175.59
12195.8
65588.6
19751.6
 9570.2
14937.6
 207444
29926.8
20650.6
  22117
27036.6
46157.1
25149.7
43707.9
6566.64
6455.23
2504.86
7553.53
7118.59
5205.24
2163.05
3941.84
3451.64
 3953.4
1663.86
2994.14
 3868.4
 2454.8
4284.75
2775.12
2635.15
1211.93
8189.64
2610.34
2510.43
1864.57
 2688.9
3331.75
   1816
2900.38
2572.76
3436.58
832.761
1637.81
1006.81
610.012
617.289
 287.33
 2364.8
1670.82
2214.36
 2006.4
1356.69
1430.84
1132.96
1915.04
400.537
1192.35
312.356
306.911
 671.07
1211.15
1149.07
595.336
362.075
 334.47
295.352
263.264
483.554
374.165
342.446
456.244
 586.21
1437.89
1339.04
239.961
831.399
868.134
305.343
474.159
177.644
 193.98
212.907
 238.06
427.247
 471.91
69.7385
327.773
 1946.8
5784.59
1236.81
3110.97
2505.63
583.019
263.318
215.185
96.7505
963.484
721.528
1111.27
1356.12
1225.57
803.917
329.922
702.644
569.617
505.555
 1199.8
706.211
360.481
198.209
117.972
200.449
497.982
1110.32
1334.74
1298.17
1050.95
602.646
636.978
885.826
931.295
2367.71
1226.73
2659.95
1700.98
3469.57
957.078
1365.01
2410.35
654.663
   2243
1419.64
1569.62
 1867.4
4326.33
4378.35
3857.96
6948.46
10466.4
467.307
1600.94
4950.45
6109.68
14449.2
9000.08
3430.69
1521.22
7050.59
1510.87
2402.56
4015.62
9874.54
3173.26
2966.23
4238.78
8712.37
6765.76
2942.77
8357.85
2726.27
5093.67
4848.51
4192.63
3886.43
4518.01
3065.92
774.855
3021.86
3395.84
3952.71
2084.31
2359.35
1532.55
1244.84
1094.76
 2067.2
2195.69
1957.26
2017.81
1986.43
1500.46
966.444
842.826
2232.68
2277.78
2248.66
1386.89
1048.65
465.075
958.182
126.573
15.3032
968.279
1174.52
 1556.1
349.766
909.806
163.737
1363.99
11.3523
813.771
 1033.3
740.439
18.6256
556.861
 1109.3
 392.14
829.176
700.865
311.681
234.046
765.524
512.707
144.781
599.931
357.786
98.9804
688.976
862.934
401.719
655.208
395.141
299.743
434.606
 156.41
848.669
693.827
657.256
884.985
1404.43
1937.15
646.822
444.251
473.584
935.028
2097.96
 335.16
71.0257
644.034
2020.75
538.253
448.072
359.786
547.799
883.416
1246.04
 1020.4
940.277
1367.73
1665.75
1922.71
2018.52
96.7483
1709.96
4313.45
6696.76
3917.67
2654.27
1448.73
2122.43
1614.61
2852.49
4171.24
792.606
1311.85
353.928
392.391
834.234
880.869
4878.46
1926.96
2934.93
4160.71
2439.79
12105.3
2977.55
4211.63
2599.22
4406.38
3457.22
4625.23
2725.34
11768.5
31061.7
  18478
9809.99
15179.2
 8246.1
20902.2
19282.3
16888.4
17622.5
25547.2
29232.1
36645.6
20476.7
16329.6
12498.4
27589.7
31844.6
  30797
36977.2
40301.3
22059.8
35964.1
7716.36
17028.5
23028.3
29032.8
20399.8
11939.4
 7507.5
26563.9
12476.6
3497.03
1324.75
3500.76
2340.95
21061.1
5837.61
9307.53
5400.63
8339.77
  28872
  24215
25212.5
23604.1
29595.6
19963.2
5942.56
14240.9
10766.3
9760.83
20506.8
19798.8
28261.4
20461.9
9906.48
  24194
9375.75
19021.8
17447.4
4042.45
19901.5
6856.74
25386.9
19665.8
30084.1
13060.1
  19874
27119.9
  24916
13615.6
17521.6
17166.1
  18046
16780.5
25033.8
6880.09
5020.27
15793.8
10825.5
661.697
673.458
387.264
3431.07
1895.05
455.577
1089.63
837.971
227.132
778.388
62.8164
198.375
199.472
 83.683
471.433
682.368
510.334
486.955
756.071
488.609
676.085
358.902
384.283
285.498
247.336
 344.42
  41.09
155.987
441.817
168.161
 791.12
 943.56
738.392
1523.73
1111.92
961.235
1465.58
1847.16
552.398
759.958
 660.57
942.201
851.467
750.781
447.923
657.544
3717.14
184.658
226.742
171.616
49.2565
66.8483
97.7041
265.225
195.694
371.938
862.908
554.688
710.911
652.388
1293.51
1452.02
301.228
490.773
527.848
1261.66
804.283
410.154
195.725
355.879
334.477
254.357
97.4205
155.275
210.087
213.454
347.147
530.221
66.1453
231.303
655.873
 266.12
83.6691
49.2334
28.6481
155.964
 25.592
61.6146
10949.4
9551.57
 7612.4
10975.4
7272.32
4258.48
11881.8
 5530.6
7796.99
4064.55
7908.52
11452.7
 8233.1
5429.24
5869.23
12557.7
5888.22
8224.75
7687.71
4787.86
9832.15
10061.2
6688.97
3990.27
3915.81
3748.06
4870.93
6120.37
6900.21
4646.49
6951.27
3153.26
7997.08
1918.85
1909.49
736.273
2240.62
1136.92
2256.87
1686.93
 2134.8
1236.97
1794.75
1273.81
3975.88
3578.46
3265.32
585.133
815.995
2084.44
7006.34
8081.74
10743.2
2972.94
8161.84
3681.59
7738.69
8703.94
2929.49
2354.21
8376.14
19054.7
5333.43
10264.3
8039.74
2991.07
2495.91
4136.24
7633.86
8400.18
3113.61
2888.92
3900.55
1719.63
2960.53
1951.11
4459.58
10393.7
 7497.5
2207.95
1273.56
2780.94
4453.38
11302.4
12202.3
11071.4
7488.99
15694.6
4300.66
7805.45
8901.85
3554.58
4875.66
2463.15
3100.16
2138.59
2223.98
8716.27
10640.1
620.167
 5024.9
2133.23
2349.57
1714.54
 2680.7
503.263
 2178.1
 5574.3
4710.11
4522.88
1789.37
14011.9
3526.43
3842.62
2972.83
1693.68
10762.5
2260.21
2201.37
 3514.9
3366.15
6843.52
1210.95
2381.51
2589.48
4969.69
5726.77
512.954
638.258
2822.74
1973.67
4566.18
5031.54
1717.82
1465.23
4638.85
16745.1
 9431.4
7103.73
4984.44
3784.56
1887.51
1951.44
4431.01
1006.14
641.985
1169.11
1446.26
983.459
 1098.3
399.479
 405.89
481.085
680.567
1041.83
1333.36
440.701
 476.89
 608.72
948.993
1455.47
1523.61
880.269
334.252
244.727
1045.74
595.275
743.444
1566.89
258.964
 340.88
946.161
1185.04
736.434
 1325.6
 938.08
1741.02
1339.64
 660.15
676.015
375.638
380.461
96.7854
 204.03
33.8583
24.9782
40.9862
32.6628
53.7544
53.1742
79.4177
98.6283
203.024
263.263
86.1982
342.737
109.964
88.3718
1035.65
609.717
1194.87
785.703
957.211
474.437
 990.65
1019.78
932.187
725.846
591.883
 277.22
257.069
197.133
 129.59
174.738
65.3026
 92.842
31.0088
516.129
46.0502
808.714
233.941
689.724
307.082
650.306
542.701
765.596
 510.81
751.193
 254.33
325.151
 140.46
 115.33
131.908
59.4249
232.057
85.8303
358.809
121.049
621.491
107.115
606.285
321.124
 134.78
135.527
 45.224
14.8718
787.131
606.045
1134.13
557.746
387.618
 264.61
191.039
 268.23
390.928
228.095
284.438
180.239
191.218
 299.33
449.637
484.654
491.352
266.374
317.708
292.879
317.462
262.108
457.606
 295.19
 163.09
383.656
811.837
394.536
210.019
78.9884
74.3117
84.8945
112.435
173.173
287.593
273.686
225.149
268.238
234.036
242.711
347.747
127.518
  198.5
147.504
70.8603
40.4703
41.6618
48.4954
61.5455
44.3413
240.085
392.477
231.134
62.4425
36.4601
35.1905
34.2437
39.3859
17.1914
19.2563
19.6624
13.9592
25.7866
25.3218
53.1176
58.6891
54.6991
77.8111
82.9931
84.0645
 133.98
 75.059
200.956
71.6946
134.093
49.7964
83.5678
89.8074
188.946
88.7675
200.044
53.0193
150.024
296.301
277.712
279.306
385.729
 18.568
45.2599
82.4109
 65.687
219.115
67.6432
124.542
76.7662
73.4529
6.78673
20.0139
13.9727
30.6283
44.5749
40.5588
61.3483
42.5477
47.6874
63.5575
49.2664
104.723
63.3868
132.656
  82.98
153.854
121.326
169.124
104.827
203.453
220.753
 10.782
8.76951
81.9715
136.175
413.289
325.627
399.023
 362.95
350.916
 76.811
258.083
143.221
170.544
 113.61
67.3051
77.6967
35.5853
51.3471
56.0104
51.9013
90.1781
109.116
166.613
 173.43
145.591
168.752
 369.53
168.363
167.075
 538.22
 797.29
754.926
409.303
59.0985
43.8682
28.4059
23.6982
19.1156
31.6956
43.4049
100.019
 117.03
608.439
1098.05
561.815
959.876
 348.81
 640.17
1173.51
280.038
24.6444
97.0499
248.584
536.816
374.419
117.709
59.3989
67.7551
154.786
196.605
211.242
310.254
204.936
501.274
232.659
18.1506
34.6161
175.112
257.004
138.361
50.0704
113.825
186.509
349.383
406.499
391.376
 309.84
322.784
1217.25
1443.28
741.497
190.489
861.907
 500.92
 188.77
75.7318
39.1329
 100.54
129.937
73.2236
67.0357
112.323
106.855
96.3242
118.625
118.091
105.137
301.294
1350.03
732.402
 2135.9
213.964
59.5024
96.0759
140.606
131.281
126.613
118.427
104.864
78.1657
99.0673
99.9115
120.876
174.802
736.519
2556.18
399.346
189.957
255.979
251.157
 221.92
133.419
86.7651
51.4072
28.5808
43.8317
91.3129
160.732
355.369
902.028
4608.86
   2014
616.732
424.911
303.742
299.117
185.671
215.323
173.236
74.5365
155.761
29.8082
198.233
31.7547
184.011
47.8316
127.148
63.2533
140.205
117.155
236.376
169.704
353.913
213.643
373.067
362.652
522.682
618.003
7298.32
 807.46
474.334
366.678
457.272
346.739
300.368
308.676
245.468
204.351
285.795
440.028
334.152
7649.59
1717.04
1824.67
1365.97
1307.66
371.654
269.082
182.943
329.269
729.446
581.965
  648.7
1361.01
4152.64
6698.96
8083.34
13608.4
6752.07
14296.2
8538.33
3544.83
21679.8
4979.62
7550.09
 5070.8
6357.75
12726.3
7943.23
5459.83
5501.18
6148.48
1889.13
5355.49
7191.31
7204.41
4522.15
9337.04
11659.4
5121.39
3360.84
3821.15
4213.11
8742.38
5615.92
5254.47
6447.44
4971.19
6852.81
2799.41
8027.03
49954.5
 498.73
471.642
763.193
4034.74
2533.12
 1857.3
299.642
371.492
8589.52
  11804
11656.5
12747.2
16723.2
11617.8
20358.9
9115.87
6323.41
  27228
14978.4
21544.8
15228.5
 7040.5
11342.3
4071.27
28156.8
42825.4
27176.7
15667.8
8257.32
6120.19
8777.68
69298.4
14550.7
19405.1
9149.73
16250.5
27223.5
26176.8
30019.5
 217121
20649.8
24102.5
27696.9
31042.4
  25898
9404.99
23804.2
22270.6
19434.2
10267.2
10250.6
1325.55
3417.52
886.306
5179.57
5276.82
 5666.9
1999.19
5340.63
4052.07
5091.25
5141.55
3219.94
1945.58
3956.83
 2016.4
   2338
2718.17
3053.18
 2034.2
3126.22
3869.43
2116.85
1616.82
5158.71
3041.86
1201.95
3999.09
748.421
1637.81
 837.47
353.735
2750.86
205.574
1698.57
2621.02
1761.81
1121.36
1346.44
1199.37
2338.22
 394.51
249.453
1072.34
245.857
487.063
1004.59
1276.47
769.202
518.083
414.273
375.967
 433.49
506.812
353.798
1101.31
303.149
468.219
1809.85
965.765
675.935
1005.04
359.248
559.778
276.747
264.999
294.543
263.721
260.216
408.509
3187.03
265.414
1696.94
6355.54
3784.72
617.693
198.312
121.022
93.7926
833.228
1442.41
359.671
731.254
638.725
481.461
415.766
864.523
468.247
255.495
330.002
323.008
 473.94
214.648
546.099
1291.89
1506.47
1194.78
679.301
540.049
385.724
470.268
1754.55
2453.67
1377.55
   1359
 1043.8
978.134
2721.02
2298.45
1862.02
545.476
 1185.9
1740.89
1429.65
1649.32
5001.33
1560.93
6648.33
10218.6
4206.63
3612.75
5881.17
   9165
6975.82
2476.61
3350.04
6099.81
2003.38
6795.77
4040.95
 9524.1
10386.2
6890.28
4758.72
3961.17
3919.31
4904.92
2892.53
4191.53
3779.55
5568.37
3490.12
1009.78
3970.89
 2949.3
2263.21
1941.88
2269.47
1409.88
1176.19
2273.78
1865.47
2075.23
1984.58
2226.88
818.934
2057.19
2815.79
1744.62
2607.29
 1175.5
1295.22
1094.01
1655.96
1947.58
528.534
1427.24
783.091
1255.98
1186.25
1036.07
253.463
307.703
 834.56
540.443
690.695
558.231
609.642
527.538
610.084
164.056
376.837
511.728
669.265
998.223
321.848
466.013
246.026
337.072
400.865
748.931
474.864
673.014
 818.95
475.063
942.218
932.644
3190.06
7549.96
2093.51
361.158
522.229
318.364
4204.92
487.755
702.965
477.021
1095.27
1030.74
1358.95
946.358
1153.75
2102.55
1916.26
2186.97
3602.73
4345.21
3573.95
3176.21
2856.96
1938.92
 3013.5
3992.88
1297.04
 1106.6
2227.53
2542.63
1000.61
 1237.4
4871.27
2544.31
2645.85
2739.76
3881.18
13220.5
4832.93
2402.25
3125.48
4971.14
2789.71
4740.81
35266.7
12103.6
10076.9
  18444
15142.9
7970.07
18076.5
17933.9
17053.8
17447.9
29771.4
  25300
35985.4
  20118
18050.6
16887.7
24901.7
31027.3
36627.4
38111.4
31140.4
36645.7
22242.6
8132.14
18092.9
23180.7
26941.7
28939.3
13806.4
17646.8
15618.7
21292.3
2190.47
2914.48
3222.04
 5322.7
1506.07
6133.44
10094.8
  12003
6621.36
  10210
29089.5
24695.6
25451.8
29127.3
21134.5
13926.8
6324.38
12959.2
19084.9
26549.7
  17394
17689.7
15853.7
9498.29
24147.8
17190.2
20883.9
4375.07
19903.5
9452.79
25394.4
19544.7
  30063
14904.6
20278.5
26869.7
24497.7
17878.9
21945.8
19636.2
16641.9
24979.1
6998.68
8900.43
16781.9
10986.7
  10265
17436.1
3890.89
 356.84
1583.16
792.537
2101.51
3065.23
955.719
407.169
652.283
255.975
203.927
320.222
 804.92
394.599
 218.66
220.802
484.114
337.825
671.422
1147.21
984.078
880.085
1264.95
1043.43
929.091
367.958
194.144
461.838
2376.49
742.315
706.857
 581.96
617.168
4983.98
3695.91
4657.81
3847.59
6128.46
4278.44
6968.85
3092.99
1783.65
3933.66
 6995.8
 4187.1
11804.6
174.775
9112.31
766.717
10164.6
1253.78
10198.3
7869.85
  734.5
7844.78
403.785
942.317
1304.02
3337.48
996.969
4716.42
623.077
4962.74
471.346
4077.23
359.478
2083.85
323.256
2796.49
369.281
1275.84
63084.3
74547.4
9934.63
20356.7
15701.8
14834.8
11366.8
2915.24
94.6029
27.8527
2810.25
5192.08
655.494
619.506
504.354
637.348
1152.55
1093.98
10524.2
11312.2
14083.4
9269.33
19981.3
19359.7
20289.7
15258.3
14261.9
28579.9
  19943
13226.1
18027.3
15720.6
24178.3
28477.8
20259.6
17698.4
23563.1
12670.7
23092.6
19860.4
20137.9
24424.6
29156.2
  25540
25527.5
  27113
21404.9
25760.4
27457.6
28343.7
38002.7
968.456
322.166
  616.2
323.526
173.946
797.132
246.952
435.119
227.573
 454.37
253.367
605.816
1000.01
 1148.4
 845.95
421.327
1380.65
 1231.5
1002.19
334.637
716.156
2467.29
624.944
545.888
870.928
4656.99
5356.45
3783.97
3926.74
6357.06
2992.24
6935.81
4395.57
1903.39
 3652.2
12648.2
12387.2
6477.09
4630.97
9681.94
9772.07
11035.7
7741.02
7719.56
824.157
217.275
306.358
2104.99
3395.07
694.464
 3103.7
512.982
3051.66
492.229
3989.41
466.023
2893.02
465.258
1650.83
548.047
614.978
562.944
  382.3
438.395
  858.3
769.802
  13429
11484.9
   9283
21071.7
  22289
  20720
  15269
14209.4
19631.6
24627.9
13027.3
17529.4
15013.5
24133.1
27638.2
17662.9
20063.9
21823.5
14433.3
23781.9
19399.1
  19803
14557.5
  26471
30395.9
26623.9
29626.3
  23008
  25838
27652.6
27545.3
39474.8
14109.7
8965.66
17010.2
1944.21
2174.28
1692.53
3684.96
3106.55
5505.23
3687.25
 3990.6
4568.85
 3004.5
4400.76
2101.22
1754.36
2075.21
 3450.8
3251.25
3299.21
4245.78
4008.96
3590.53
2305.79
2359.47
 3212.8
2671.66
3058.93
3038.37
4036.23
3025.12
2573.99
2159.44
3287.06
5346.55
3508.32
3408.79
2749.41
3135.49
2327.46
3006.84
2948.52
1480.52
1849.85
 1294.1
3521.81
2774.38
6225.59
3770.95
3779.25
4333.42
2687.38
4950.28
1406.39
1691.94
3399.08
3703.76
3297.99
3325.11
   4392
3519.13
3342.02
 2360.5
2312.29
3000.14
2525.82
 2777.3
2926.91
3363.45
2834.94
2513.91
2314.55
3431.26
 3565.6
3701.66
4588.27
3036.92
3070.21
2376.17
2251.29
2554.61
1967.58
1867.64
1933.09
3755.35
1762.43
   5032
2847.44
4012.45
4346.07
3825.98
3212.08
4524.52
3404.35
1478.98
2617.39
 4621.7
2618.35
3050.01
2256.25
3995.99
1962.22
3168.26
2769.08
3658.91
3080.55
3910.62
2547.84
3942.85
3235.65
4895.48
3611.63
3390.41
3446.84
3295.26
2308.41
2475.37
3166.92
 3215.4
3524.61
1531.04
1454.72
1485.76
3935.18
1369.16
5836.04
2584.37
3771.76
4075.72
3225.65
2746.85
4925.75
3500.15
1877.52
3772.21
4474.34
2683.59
3040.98
2173.75
3952.19
2061.15
3048.31
2583.99
3355.45
 2707.1
 3401.5
 2350.8
 4229.2
3510.57
 4119.3
3923.55
3638.14
4505.89
3332.78
1684.09
2154.52
2723.84
3054.72
3491.13
5637.86
8055.23
819.225
1405.23
2452.15
641.591
16198.7
7764.99
5365.75
   5692
7207.62
2290.56
 2230.8
10883.5
4913.69
6549.32
581.159
2309.24
3264.51
3330.74
3526.19
4692.07
3874.11
4990.66
4785.62
 4337.2
6391.44
7131.77
 8672.9
10573.4
11138.4
5209.67
7730.52
 8599.5
7993.76
9183.45
   8513
12978.1
16002.2
14363.8
19489.4
  18504
  21162
19890.5
23052.9
21108.3
7990.34
6056.74
   8543
15710.1
11846.2
5264.06
10718.4
   6265
8530.85
  13954
24690.4
20602.7
29101.2
9355.53
15023.3
26486.1
4721.64
6910.94
3855.62
30659.2
16629.7
18785.1
16594.8
12470.5
8437.09
4085.61
 4812.5
7386.39
8763.14
  12041
16226.2
5446.89
8091.08
5562.87
25197.4
30209.2
4869.55
15109.4
8881.85
8746.38
7561.61
6836.32
24351.5
25588.6
3064.37
2451.69
3642.14
3136.07
3504.84
5050.99
 3862.9
4843.88
8789.07
7183.42
5421.18
7097.43
10057.1
11003.2
5302.55
6479.19
8692.71
11285.7
10568.2
12039.6
15947.4
8531.87
16500.7
18152.1
15117.6
20093.9
23257.2
18608.1
17949.7
9751.38
5966.81
20277.1
  12158
7196.79
4876.27
11363.1
5670.44
10706.2
14746.1
  20118
26869.2
15785.8
22612.5
20563.1
 5662.7
6135.45
3732.33
32977.9
19930.8
15584.8
12450.1
11868.5
12416.8
10071.8
4660.85
 4476.1
7981.16
9554.88
7162.17
12382.8
14710.4
5529.08
5748.27
26194.9
33197.4
4820.71
9474.74
15004.3
9311.12
6262.63
5887.71
24889.8
25408.1
5996.13
6347.39
6158.44
19076.5
1785.62
16984.2
1672.08
11813.6
1877.45
3300.73
3128.08
3408.69
1815.41
 441.23
 883.79
1534.11
4330.43
5233.68
3011.11
1095.99
540.156
1109.24
5013.22
5552.53
4640.33
5216.63
2010.67
 2011.1
2869.71
9195.76
10204.8
3048.11
3682.21
2159.93
8745.66
20061.2
  11660
4584.06
4158.35
4027.72
13987.7
22243.1
 4961.7
4348.73
2465.44
2241.46
3864.03
12057.8
6168.06
1928.72
1731.87
2343.86
5087.45
7517.64
2059.37
1799.69
1722.89
3278.66
 6764.3
11278.5
5236.58
2961.94
 2450.2
3096.73
3237.61
5545.61
15866.5