  367.7
296.942
599.496
232.742
253.202
92.1619
81.6734
389.713
610.517
912.449
939.601
511.185
 914.57
379.718
927.498
372.083
463.621
 429.95
576.646
 322.79
479.308
236.573
71.8646
479.717
230.462
1237.76
1576.67
1543.63
1667.19
2013.39
1595.14
1938.64
 2457.5
883.843
936.491
938.739
1335.04
1077.32
 883.26
765.892
891.942
1006.94
 202.34
126.038
392.818
571.439
357.531
323.224
 157.16
37.5324
243.898
203.076
219.382
 185.23
53.0991
64.9339
133.042
296.867
228.276
495.764
880.133
877.949
234.864
958.785
199.583
1446.03
1882.54
1215.05
516.115
657.492
1882.81
1421.69
199.425
969.838
539.634
124.576
652.522
464.776
 191.09
25.6506
124.972
109.258
210.696
225.039
 235.46
202.283
1326.33
116.169
446.148
50.0063
34.3191
41.9053
124.619
103.331
20.4272
20.1817
25.0949
11.2301
76.8919
12961.5
10289.1
8035.83
2706.97
8066.83
5007.04
9442.56
7371.03
8012.91
9895.58
  16737
10565.1
10309.4
 7146.3
4543.42
1939.24
4864.09
4728.28
3133.81
6434.92
6025.99
4556.36
6572.63
 3178.3
2346.45
1325.02
5106.05
5413.13
3726.35
4345.31
 3582.5
3370.99
 3798.3
6820.27
2281.35
734.043
707.036
2167.36
1473.96
1760.58
2016.96
1273.14
1293.48
528.794
586.499
4157.31
4816.59
   2807
1101.53
688.087
3684.44
 3009.6
2001.87
 5142.5
1229.22
2917.75
3156.67
663.234
 403.76
431.175
8316.14
7774.95
5288.79
7271.24
8283.14
3964.05
2655.24
4793.99
6079.32
7100.01
  10933
4632.09
3600.79
  716.5
1885.59
1985.97
567.983
436.766
999.152
1273.33
2013.64
2069.44
1691.64
   2409
3545.74
5257.88
5795.43
8920.65
11408.8
17279.1
 4225.8
6110.57
4164.18
5282.65
3752.16
3521.97
 3177.8
3488.39
2439.06
3170.86
6936.87
2134.92
8638.55
337.351
5299.42
 258.17
2308.65
580.751
3073.59
10706.1
7520.36
5618.64
3957.44
5249.59
5271.93
3632.61
3232.08
2245.03
2292.86
3414.18
2093.13
1507.88
2298.26
3867.55
 8189.8
1551.22
1620.62
3517.35
2476.91
2897.74
887.354
1473.34
1768.58
2054.16
 3169.9
1502.23
1147.66
3232.27
1351.14
4600.72
3868.76
 1810.4
2907.52
 3087.9
2509.83
 1669.1
 1431.5
1294.87
1657.65
720.102
1784.79
289.083
780.572
 266.75
346.013
1834.46
 865.19
998.777
3037.74
 1612.3
673.343
1669.68
1487.32
952.975
366.215
143.784
997.738
1086.15
1788.53
1714.05
244.151
175.911
780.614
1344.09
414.801
1200.99
2354.89
1424.02
725.874
1435.05
 440.75
 637.19
228.626
328.339
 29.184
84.5398
40.5222
25.5008
50.6277
47.5195
88.5578
56.6744
202.276
 111.18
274.936
304.062
19.8276
242.703
462.789
42.7789
1821.43
2602.26
280.185
1288.68
499.703
889.617
841.608
335.592
 170.47
1676.93
998.449
1807.41
574.845
 942.79
340.213
357.905
105.938
236.233
63.1957
286.043
34.1547
119.141
15.7709
213.984
227.214
753.856
323.588
835.767
724.247
778.813
1362.39
158.105
602.765
1240.22
626.731
 483.54
387.052
293.982
108.936
95.8213
59.8266
118.752
78.1318
  235.3
118.262
266.805
131.657
547.588
440.514
222.864
387.855
63.6237
57.9153
13.3016
830.785
325.218
735.637
789.704
683.286
391.341
532.034
461.499
291.654
442.467
520.105
 233.55
263.737
206.197
428.858
409.384
553.247
508.313
480.739
528.302
480.276
833.404
502.999
628.526
280.176
 137.41
986.741
186.736
640.807
538.171
116.966
120.425
 97.196
129.017
143.367
220.513
 267.69
330.275
380.724
143.648
375.475
96.4467
630.667
227.487
132.458
118.541
90.9021
 42.263
46.9637
47.8609
51.2572
62.5555
509.122
420.577
618.216
390.528
79.2597
158.057
 50.942
44.6344
19.4974
16.0823
 12.268
39.0341
10.2601
13.9999
35.9107
33.8489
75.3435
52.7542
58.6704
43.3293
116.445
204.878
82.5656
 223.71
49.0782
140.766
41.0101
87.3949
70.9793
93.0123
59.3773
171.047
 69.805
164.101
217.379
346.843
126.863
249.623
 374.49
532.211
33.7574
486.717
125.523
49.0859
413.015
 116.39
264.606
110.356
113.788
43.7902
13.8348
3.07675
39.6316
10.1642
67.0947
 57.546
44.1969
66.5426
58.0919
43.0916
88.1839
61.2108
119.612
 63.594
158.539
72.3896
145.561
 99.087
81.8962
277.634
425.402
381.323
16.2423
185.354
102.292
19.2649
623.144
 82.144
1212.56
602.367
307.814
458.148
188.327
157.551
132.634
149.705
46.0413
90.5966
34.7767
66.2063
 39.421
47.2145
115.566
49.9067
 173.32
119.309
176.574
177.821
263.217
204.105
601.964
292.857
181.734
623.991
502.944
 139.02
66.0903
51.0403
47.4071
34.5988
27.7233
50.0394
32.7133
96.6332
166.898
730.671
950.892
1476.21
38.3286
305.037
55.1247
838.402
1167.78
373.186
2054.94
1435.86
41.3326
145.203
 219.53
508.708
 16.174
46.3793
197.868
846.507
734.568
184.742
143.184
135.279
315.151
444.148
319.608
374.301
231.936
475.443
299.658
531.237
26.8718
24.2759
86.8604
195.019
288.505
38.4179
72.4969
123.979
344.882
659.891
642.764
 602.21
521.117
1205.02
971.019
710.667
339.603
661.451
352.817
207.866
514.766
11.5113
27.8586
78.7477
123.451
117.685
53.2621
90.3404
103.046
80.6991
120.499
122.822
182.022
217.505
1086.58
1604.54
418.287
 1948.7
 25.437
34.8093
84.1496
126.298
114.303
135.709
156.213
 107.85
52.6837
87.8851
129.388
183.337
517.307
828.836
2506.07
4983.47
353.487
149.251
230.793
326.171
276.519
203.997
121.084
72.7088
54.5245
27.5502
67.5091
114.814
174.626
857.506
485.161
13465.9
19737.7
525.437
898.971
366.931
536.909
151.678
390.684
143.229
205.616
176.628
75.7023
226.487
23.3437
188.051
33.1908
130.747
55.8289
156.765
67.3815
250.545
99.4047
345.767
137.125
411.844
166.796
925.771
295.378
798.876
 1040.3
756.389
592.131
391.599
329.558
296.847
309.721
 318.62
 243.15
139.427
145.566
277.025
615.491
1068.45
1124.34
778.847
536.266
310.454
326.523
321.144
220.939
159.362
266.909
1926.94
1219.56
1066.94
949.814
352.066
5665.77
6019.88
8067.11
10920.7
2693.46
8960.38
4503.26
11930.3
8083.38
4523.37
7735.09
18627.6
10315.3
10443.4
7664.31
4454.57
3394.44
3917.05
4959.37
4241.54
 2833.3
5830.05
5585.93
4849.92
11081.1
3708.02
1503.64
821.571
4644.39
12547.4
5676.61
3604.75
3340.93
2880.19
2783.45
2064.85
 5608.8
1490.41
2611.79
211.806
 81.442
77.8895
346.964
1648.35
165.891
292.791
201.575
139.881
 6702.3
12927.9
5628.57
6214.04
5963.08
5261.83
 5175.4
4319.97
4465.47
3189.49
3773.05
14502.4
13153.6
9419.47
7819.13
3646.64
1928.22
10949.6
  12439
  16226
8383.98
8268.84
11384.3
9033.86
10766.6
41441.2
 9959.4
10979.5
18828.5
42454.5
42128.7
5936.25
7298.92
16528.4
4302.85
9894.95
1947.41
7968.27
4351.71
5262.22
1944.41
6248.44
5655.51
7885.18
1624.94
2975.29
2451.15
4082.85
6799.65
3528.23
3359.76
3365.25
2958.38
3962.03
2671.69
1832.07
2836.09
2966.26
3183.54
3011.92
2741.18
 4730.7
1619.76
1104.41
933.598
814.909
532.227
241.778
2582.29
995.608
2899.04
1662.49
1394.36
1315.85
1654.22
1828.58
556.793
1089.55
346.396
159.097
875.837
1426.81
1018.69
478.951
338.412
560.408
 336.75
 218.15
561.418
449.055
470.829
608.541
448.648
 1444.1
866.274
238.356
993.036
1021.24
391.385
551.765
226.188
303.633
313.413
464.286
451.731
579.223
167.837
  552.7
1518.31
4986.82
913.743
2284.79
1106.13
722.862
93.0477
381.426
249.579
   1202
795.869
1090.85
1323.78
1239.38
910.759
325.691
 775.52
 739.02
428.803
1199.89
926.983
369.021
 233.45
97.5935
120.592
560.128
1487.69
1194.81
1439.53
983.013
356.497
 1068.1
820.852
994.783
1958.83
1024.44
3137.44
 1883.3
2391.72
1354.45
959.862
3246.77
752.076
2910.25
 1241.7
1658.42
1918.01
5339.76
4054.44
4139.15
8506.26
9729.61
742.941
2210.11
5878.49
7205.51
5966.84
9829.46
3451.21
 1343.9
3750.28
1692.35
2588.43
3841.82
6172.52
3575.31
3695.39
5512.68
10785.9
9190.21
4775.86
11203.4
1481.52
6020.22
6387.36
5047.56
7032.05
 9721.3
2035.63
3025.08
5591.95
4458.73
5603.89
 1954.4
3322.39
1184.68
758.992
1449.86
2077.71
 2103.8
1832.76
 1435.2
1504.01
3255.25
690.762
748.393
2676.64
2110.39
1945.46
1160.73
991.763
500.757
1309.07
194.589
 43.599
1132.75
2378.67
1775.71
172.326
1344.05
 219.12
1791.61
17.5779
446.532
1502.63
  882.7
10.8696
712.644
906.243
482.556
667.413
673.465
326.925
71.1238
742.536
625.729
172.049
219.753
512.424
170.673
628.177
985.355
516.097
797.401
524.403
298.383
686.596
152.378
807.335
1152.51
454.853
1442.27
18802.1
 3875.2
437.618
391.538
 394.96
4096.56
3255.74
165.092
63.1405
483.069
1600.57
592.973
377.159
412.353
814.951
 933.36
1591.56
912.126
866.189
1741.72
1916.58
2045.94
1830.33
145.177
1975.95
4333.22
5638.99
3728.46
3272.61
8576.07
2522.08
2289.36
3114.52
3954.64
1205.77
2672.88
629.662
418.207
1037.24
1119.25
  10433
3515.84
3318.56
3196.17
4553.63
3746.66
 3022.6
5756.17
3423.14
2101.59
4351.96
6122.19
3035.01
12288.3
14476.5
12428.2
2633.41
 4701.7
4534.79
  13866
3688.53
2469.66
1957.58
918.864
5477.71
2449.74
7012.52
11743.7
22607.2
26129.6
23281.6
  26926
2493.75
30070.7
1092.52
1025.47
2795.14
1731.98
1599.94
1829.46
  19631
  10963
9493.07
2081.96
8871.78
6562.69
1344.46
3986.07
4280.42
2253.18
2360.69
 5637.3
 7561.7
  17033
35430.3
51237.1
1773.19
3020.18
23300.5
1253.55
10532.2
9076.32
20346.1
  12221
16807.5
22855.4
15588.9
11089.5
7428.52
1138.47
16738.4
21014.6
2410.65
5881.28
6881.85
7473.55
1891.29
995.287
1128.07
4826.14
1102.32
858.813
1943.11
13264.1
9210.23
12597.1
20087.4
13266.6
28152.1
28763.6
8335.72
55460.6
16841.9
2221.82
592.712
282.937
4823.83
1558.87
 746.74
2098.66
1339.14
411.886
509.701
69.7614
308.019
346.272
106.066
600.408
791.901
633.057
553.965
805.733
494.997
706.169
 397.25
 426.26
 371.85
324.171
350.084
 68.562
303.556
636.967
191.331
1302.54
 1637.7
1422.02
1915.03
 1741.6
1842.59
2149.32
1738.11
695.915
684.974
1092.95
1308.05
951.933
1048.76
662.201
  622.8
1502.03
188.795
282.615
199.159
72.3543
62.5478
126.337
361.325
208.851
407.896
1050.32
878.919
1227.67
580.496
 1858.7
3630.73
325.918
662.389
453.116
 2586.3
1283.14
1450.35
324.838
423.309
1604.15
179.861
109.025
103.472
156.185
122.393
852.532
806.629
544.191
2164.74
1101.12
 384.85
140.801
28.6143
31.6014
166.618
42.3585
42.6911
12143.9
12079.6
12667.4
7023.25
3030.85
 2031.2
13838.2
5638.09
  11521
5517.66
8254.31
20682.4
9406.21
6348.99
 8163.8
 3322.2
4791.57
5101.58
6107.78
5348.68
6283.33
2689.48
4521.37
1821.47
4686.97
5883.73
4513.41
4166.69
3267.82
2913.23
2527.67
4400.31
4012.56
781.987
2403.07
773.681
   1720
1081.67
2299.84
1789.83
2097.16
1537.02
807.894
1232.49
4396.19
 2549.6
4044.79
1931.24
1008.75
2067.52
1984.25
2304.64
6945.85
1409.33
6313.73
4106.24
889.242
1262.65
633.541
1340.15
5431.32
15445.7
4300.85
11812.5
8996.83
3551.91
3915.92
3617.75
4212.49
6861.83
4743.15
2798.85
1602.15
1555.02
347.477
935.574
1012.93
1704.65
1639.04
2568.63
1087.91
3244.79
 4315.8
4735.82
4628.42
9313.34
15183.4
17076.4
6528.54
8991.07
7555.45
3599.01
 4117.7
3592.13
3894.46
2885.64
3921.78
2439.01
14739.2
818.344
4952.58
444.594
3379.78
353.562
3319.25
661.518
2222.75
10035.8
5700.83
4159.73
1865.25
14962.4
4890.46
3433.62
 5259.1
1944.71
4796.16
3170.09
1731.79
3166.15
2057.02
4053.13
1176.72
2331.12
 2976.4
3353.62
3515.35
472.286
580.928
 1639.6
3096.63
4153.16
2224.15
2709.07
1236.99
2282.34
7865.99
   5438
2694.01
1238.86
3801.58
1336.46
1900.69
1832.91
1265.98
745.099
1694.61
1962.17
712.354
1215.11
434.277
513.169
455.255
592.008
 1152.5
1240.47
 978.25
1289.01
1286.06
907.365
1908.33
1608.11
642.264
216.765
 373.76
1569.14
733.548
1628.54
1314.69
336.305
 340.56
803.926
2071.32
608.174
2216.72
1212.43
2218.69
2555.93
436.174
873.512
314.899
319.167
75.5111
 257.27
34.7437
38.3651
37.3242
27.8161
47.3097
44.2144
86.5933
60.4019
 236.91
311.254
121.378
537.023
  17.33
75.8111
1902.75
 477.14
1311.37
2105.81
1206.06
665.203
1338.52
2262.85
1473.06
971.288
215.257
303.154
379.042
274.366
129.578
183.688
56.7178
84.3079
34.8676
 293.27
  40.92
749.893
182.272
949.155
448.578
718.375
488.385
1238.59
690.406
762.005
299.244
 315.11
165.522
131.085
108.734
64.4902
236.543
89.2172
678.576
91.5567
933.889
111.787
662.097
252.773
118.602
98.6344
51.1592
15.3724
1083.25
 422.12
1341.74
1136.86
694.403
350.488
191.341
346.509
443.711
363.688
422.483
289.344
170.223
220.606
585.745
516.008
698.625
311.979
427.912
415.741
424.018
266.315
 543.53
 285.69
153.184
 421.74
1202.88
523.273
245.431
69.5809
73.8612
87.8064
94.1575
159.068
216.492
 434.36
320.193
215.725
292.244
 363.17
424.895
113.256
205.819
116.656
60.1778
33.7056
34.6244
42.6895
63.6787
40.4721
312.506
329.875
207.658
89.3671
82.8168
40.1056
22.2541
29.4888
 26.292
27.6813
25.2124
18.3972
27.0445
 27.933
53.3964
80.1641
 66.816
130.304
 90.113
102.276
137.436
112.398
258.259
52.1386
210.157
57.9466
104.926
81.1425
129.196
95.9121
207.306
55.5049
121.724
345.338
318.818
239.599
330.576
23.0077
49.9203
75.2014
29.9916
209.573
 86.022
198.389
55.9071
 27.568
6.27784
17.7394
14.6854
126.661
 55.566
89.0682
94.6708
44.2285
43.3672
51.8785
49.7018
89.3851
64.3078
  126.1
83.2636
157.608
119.227
141.303
 85.645
179.671
175.875
11.4557
 7.2894
133.423
106.451
597.325
414.202
629.842
405.316
430.442
 54.838
369.394
163.849
168.241
237.116
59.8746
90.8606
42.4807
43.2071
53.5094
60.1314
140.967
91.7772
228.278
197.417
136.724
 244.48
155.248
129.344
306.236
768.373
381.782
 398.27
26.3737
84.1635
49.0619
 26.405
29.7885
28.6106
27.5659
40.4564
98.6862
139.309
967.686
1242.57
 466.93
 1066.9
487.543
 1183.9
1551.05
316.426
36.0808
122.875
348.558
709.366
619.511
148.385
63.7545
87.0539
194.612
270.985
424.072
365.844
275.138
702.097
239.119
26.3771
27.6153
97.2427
 339.86
173.731
52.9964
133.731
273.691
538.084
698.345
567.699
455.636
325.059
1593.43
1707.28
1035.31
253.199
1022.91
244.995
 334.95
14.1546
29.6434
92.5371
140.114
92.4529
53.1643
159.421
158.062
122.453
 101.49
127.855
155.794
278.286
832.951
958.828
623.171
 24.166
55.9426
 101.75
108.092
133.946
193.294
251.509
 105.01
72.0867
75.4588
128.559
 181.89
250.395
701.262
862.944
348.299
192.667
214.401
305.329
273.817
160.557
68.3208
49.5879
33.3994
36.2142
110.281
179.244
390.023
982.826
493.464
1201.19
668.257
 425.25
324.423
356.103
172.311
232.774
94.1519
74.4103
124.159
22.1427
250.233
24.7997
321.725
40.2359
195.182
52.7886
150.889
88.4027
263.986
166.361
368.414
183.025
363.725
327.337
357.609
591.916
1021.99
831.318
 486.26
372.817
359.604
405.145
383.812
  236.4
177.826
242.023
273.115
274.898
451.027
770.356
563.652
281.521
363.475
396.976
239.797
120.776
 132.03
426.405
 853.99
856.551
740.806
5760.51
5507.66
2446.19
7877.01
17437.8
8816.36
5777.85
1308.34
1075.31
13335.8
5279.85
11392.4
5842.83
 8209.7
23507.2
 9105.6
6731.12
8976.96
1301.12
 2045.8
5031.38
5189.89
5910.27
5058.97
4810.81
3370.65
4148.53
997.513
4455.47
4799.03
9169.59
 4034.2
3008.63
2830.25
2069.28
2087.38
4516.64
2705.84
10550.4
506.937
732.483
 1186.5
308.508
198.713
98.2958
412.595
 450.58
206.584
11099.3
12725.4
11501.4
8282.51
6147.37
5652.45
5156.61
4028.94
14117.2
11762.5
9436.08
9875.41
9025.15
4797.52
1148.89
6817.05
16265.9
11623.3
12262.9
10762.6
9607.76
24519.5
11886.1
12420.7
9609.95
14440.9
44088.1
8768.14
10078.6
11494.7
7272.36
 6438.6
32946.2
62141.8
11421.7
12460.9
 9510.1
6569.87
12365.2
15000.5
10892.7
11573.7
   1255
10095.3
2628.19
7325.77
7716.46
3758.64
3350.01
6370.85
5430.11
2905.23
4799.63
4616.65
3320.14
 7857.3
1565.97
1621.02
3615.75
3789.45
2766.77
3551.31
 3389.5
1276.66
1304.91
3815.28
4611.36
 1629.1
3401.07
921.679
1733.06
866.867
404.847
2319.36
222.701
2266.32
2357.63
1705.37
740.372
 864.63
1182.87
1885.11
558.285
431.846
943.033
 190.07
369.368
995.444
1294.36
698.542
619.996
365.382
287.272
118.818
611.213
622.006
824.966
298.193
413.938
 1376.6
711.743
837.057
898.399
601.227
1387.66
493.044
426.041
389.324
473.318
247.374
511.391
2663.25
277.498
1503.85
6959.48
3452.86
666.006
91.9418
61.7808
240.097
1101.18
1496.45
263.717
641.269
633.401
 1025.5
411.198
614.812
280.589
214.149
 329.42
368.024
511.659
349.363
 590.96
2717.12
1727.85
1291.72
626.416
 415.13
530.318
458.476
1632.49
2286.56
1547.65
1957.38
 921.77
943.969
2788.27
2751.71
2320.23
 626.52
919.073
1695.33
 792.15
1036.41
4491.74
1736.91
 6562.4
12258.2
3409.81
3239.19
 4179.4
7372.89
8460.12
3415.92
3117.62
3037.73
2431.24
8336.74
7022.17
14123.9
16666.2
8303.22
2817.75
4339.83
4549.64
6985.51
4074.57
 6303.7
5264.43
11815.2
 5707.4
2581.01
 5747.3
4473.18
1651.39
1285.31
3178.37
 1938.1
1002.25
2560.13
2105.18
2397.72
1244.68
 3009.4
652.217
1504.05
2808.31
2540.39
3259.76
957.028
1008.99
1188.23
3859.08
2579.13
496.245
1578.69
946.155
1698.73
953.938
1018.25
362.751
304.018
801.459
766.652
677.903
702.018
774.942
 462.65
451.481
277.469
481.103
 407.91
 807.78
1046.42
346.588
516.163
312.204
370.622
381.835
793.815
483.998
718.235
790.017
444.732
986.325
 1056.7
1889.56
23191.2
6498.56
321.944
598.311
336.846
5588.81
289.425
913.898
502.653
1462.59
1131.01
1378.43
860.622
1176.87
1854.26
1761.06
1956.53
5854.19
2764.73
4057.26
3131.93
3905.54
2661.68
3451.83
4640.83
3938.97
1442.12
5293.23
3116.39
1796.13
2439.83
8777.74
3021.32
3010.61
4746.02
3927.47
3392.55
 6438.2
2851.01
3857.97
1477.05
3470.99
6366.76
  11447
  12982
4164.21
10620.3
2866.08
5650.61
6729.36
16942.8
 2028.7
2402.09
4321.23
984.748
1287.05
6462.77
14162.9
20746.3
20307.1
20768.5
22819.8
3459.68
  30676
3092.66
1935.71
2580.36
1777.53
1531.12
857.375
 1114.9
32910.3
13398.9
9650.58
2978.76
2479.09
4347.41
4397.95
   5525
2018.87
3609.52
6821.45
10738.2
7227.17
17165.2
32660.3
29260.9
1516.77
22752.6
3189.66
 7672.9
7480.67
8947.44
12062.7
24710.3
3979.71
15088.1
13651.3
21796.6
1161.57
1398.28
18982.3
5238.92
11876.6
12299.2
   2225
977.085
570.909
7202.96
3024.32
1109.49
738.024
9733.53
11135.8
22208.3
18789.8
  68239
8247.84
  28188
39453.3
16000.3
7994.21
37291.8
4429.76
 348.16
2558.36
946.407
2518.76
2006.48
462.142
526.371
794.465
247.849
285.809
398.616
827.676
400.297
186.428
166.828
616.619
394.174
625.376
1237.07
1240.83
1025.17
1705.63
1114.98
1113.68
497.065
 207.89
396.943
1211.27
527.681
417.626
715.699
 106.28
12428.2
3270.83
1995.43
3970.24
5019.08
   1850
7135.84
3803.91
1937.51
4971.94
13331.7
2992.77
1210.11
161.209
1967.33
231.878
3068.03
609.752
2806.21
2160.43
339.824
2678.62
387.669
738.973
  401.6
275.004
1041.97
255.853
 640.69
295.771
477.212
 221.66
372.656
165.432
 449.59
172.332
626.939
  75.07
32.6557
  39.34
13.8146
25.0611
110.742
133.911
101.629
148.569
  91.88
32.1734
100.989
8.02937
309.756
    459
487.318
 558.15
951.495
1166.24
97.0885
  16423
7781.13
7482.24
12908.6
17907.6
14109.9
8662.27
12429.4
21032.4
13435.6
 6976.4
15083.7
17364.3
12781.4
14641.5
15357.8
26681.6
22269.3
25525.1
19397.1
10264.9
9679.26
20372.2
27529.7
30423.9
24442.9
27620.1
20412.4
8765.85
15513.9
24394.6
27183.5
864.121
364.297
1079.97
347.057
 202.39
 708.88
179.022
510.447
181.843
513.594
263.773
1300.39
1254.83
2315.66
1124.74
 492.47
2078.46
1226.05
1744.96
511.034
682.745
373.806
285.585
693.341
841.321
2978.73
 6535.3
3181.73
 4064.9
6601.84
4289.21
4737.66
1742.19
2013.98
1889.95
 8999.1
1779.47
2893.29
 209.18
1961.63
2133.12
3477.53
1800.19
2184.58
404.605
 159.39
766.773
330.964
314.968
969.021
289.373
592.059
 187.89
525.226
236.374
481.808
239.797
553.459
340.747
874.022
416.161
334.373
372.136
353.718
766.332
971.401
8609.09
13946.1
8117.86
11676.2
16951.5
14783.8
 8911.4
10739.6
  15156
20023.8
7451.45
12720.6
16649.2
10517.1
14063.6
18947.5
  17653
24839.3
24666.7
15923.3
9909.42
10877.3
22485.7
29329.7
23952.4
27018.3
29179.5
11760.7
9529.77
21963.8
23919.1
27693.9
17400.3
12582.1
55776.1
1602.69
2167.23
1365.61
 4600.4
4341.67
  14950
6096.94
4042.27
6897.89
3568.19
5421.55
1963.16
2093.57
2234.74
4974.78
4570.97
4482.88
3597.26
2857.54
 1786.2
2213.25
1762.01
3300.09
3896.03
3723.74
   3449
 1660.1
3188.77
3050.97
 3623.9
3630.59
9003.93
3924.36
6354.54
2659.78
3203.05
2773.27
2738.19
2793.46
1244.62
1763.32
1024.55
4220.16
4054.14
14759.5
5748.85
3852.03
6701.18
3050.08
6548.17
1331.95
1998.23
1998.54
5327.27
4724.26
4410.43
3992.28
2780.21
1458.37
2315.62
1666.26
2857.05
3471.67
3517.75
2965.78
1441.21
2936.28
3147.74
3937.42
   3789
 9584.7
4233.98
6406.12
2730.62
3199.45
2930.61
2100.42
2538.86
2262.16
2174.41
1931.53
2629.94
1606.88
5787.44
4078.27
7292.98
4104.57
5050.93
4178.53
4964.79
2835.38
1671.19
3419.84
5668.85
2945.42
4833.59
2398.71
2823.21
1667.28
2938.35
3005.17
1337.73
3288.79
2798.27
2593.96
5856.34
4621.39
3638.89
 2985.5
3754.36
 3912.3
3422.73
1933.92
2055.92
3622.74
4020.34
4881.74
1976.45
1933.04
3275.65
2389.92
1221.43
5244.52
3760.58
 7170.1
3902.03
4684.32
3719.22
 4625.3
2721.26
1591.61
3319.41
5598.14
3070.98
4772.69
2188.28
2965.53
1817.47
2479.19
2810.49
1073.64
2881.02
2475.12
2278.54
6337.61
 4983.6
3683.88
 3190.3
3952.71
4010.08
3478.79
1515.72
2036.36
 3329.6
3861.15
5007.67
4637.14
9019.03
909.131
 2730.7
2253.61
615.557
13090.4
8832.67
9133.23
7800.35
 8100.8
3503.41
 3248.2
7263.96
6233.79
7281.94
571.096
2388.89
3063.89
3441.88
2905.64
4842.22
4264.34
4036.99
4988.74
 5459.9
9580.71
9264.96
 6158.5
10088.3
  13446
5477.39
8260.88
9729.63
11541.8
9972.79
8463.93
17966.7
13001.6
15467.9
20583.3
12271.1
19744.7
11136.2
14418.8
17739.9
9328.57
7171.71
8962.27
6286.66
2515.32
3586.96
12094.9
5570.88
8179.24
  14185
  21638
  14658
31031.3
7426.93
12936.3
13415.2
4987.92
4695.18
3360.08
5942.62
4517.37
8836.38
6048.35
6682.55
5067.07
4990.89
5408.83
7296.04
9428.85
14555.2
19939.9
5275.44
4168.41
5100.25
19284.1
22795.7
5458.94
10174.9
7769.49
8235.82
7464.42
6800.71
17342.7
25818.3
2824.45
2252.64
3350.96
2952.59
3590.09
5252.56
3728.78
5406.78
7445.59
6134.59
4966.22
8678.63
9636.39
11684.1
5027.34
 7324.9
10080.2
17111.9
14894.2
16188.4
9392.95
10086.9
15805.1
  13839
12755.7
10662.5
11616.6
17511.5
19148.3
11943.7
6700.55
11198.3
 3160.7
9416.29
3288.46
15038.9
 9022.7
10791.3
16757.7
19105.3
27440.5
9695.47
13327.4
15898.6
5696.35
4248.41
3825.09
5005.72
7906.89
7542.71
5342.32
6825.55
4719.21
7597.49
5518.04
5001.73
4230.01
7797.24
6925.23
9706.28
12941.4
7035.56
 6029.2
21090.8
21815.3
5610.34
  10080
12591.3
 7615.7
7228.59
5256.51
15209.1
27096.1
4417.76
5404.05
 1200.1
4503.43
2439.35
3769.63
2685.34
1707.33
3644.66
3831.21
7148.88
265.283
 243.43
350.085
1079.56
2398.23
 3012.8
786.334
948.218
1605.11
732.437
 562.29
1441.05
3173.97
6497.55
5897.75
2229.54
2489.08
3865.14
6368.32
8937.16
10090.2
8613.41
5981.86
  28088
43797.5
7208.35
3559.87
6185.45
4977.51
5811.58
43870.3
  11681
1380.24
1264.39
1422.05
2045.35
9847.82
17682.4
6611.04
1234.89
1946.03
4517.43
2602.99
1773.07
2003.16
3176.88
4295.92
10976.9
2571.52
989.535
2995.95
3036.11
2096.62
3764.54
10075.6
3054.37